1953772011533598724 -8873725624976214708
2063260254144811984 1062149241501791407
4951593721196261718 1198721279029831638
1254925772812521368 3435740695383125017
1848330008385484969 1021657878768242492
8093186550235432704 -2765732533213891103
6175242173037418429 9008830917957867469
-8556103052876496779 2437406857016891829
-5518474099399160614 -7854439264450156097
-3650619879510042320 7507247852629569577
4739554065602260228 1287132248374015156
3299981465749637546 8514336418731380018
-2634520269872234818 5930009301637992211
1164668781734252805 -1155106516849559255
3859859752975847698 4216288247143153500
-7956523718186720381 6563994973929071135
2472227986279214091 4564803483625738189
1995735055461702088 -8535647746146137932
8871463721185134578 7212989608815692382
-3009283267696490873 -6777498370870898489
-198050826760738079 -4817299121259863689
-6021386081316784454 8838702069320349349
3652837431176326061 1689666002718896962
6102195642098740080 5770227816731736528
-3262835840396504682 1347437744611528718
4596932775807931065 6878490504741618304
-1794856634840614262 -3865444814857361709
-819684517646514722 -732159268495966232
5144206250923829335 945224375159169429
5937930001866537625 6143162249932205119
-5901089970926248737 -6689418276569096348
2865122390732314248 2173988725373797548
4415325225510938198 8932965264738454253
-6134878752578961573 2889080841259333561
7340423532839472960 5676988189602578939
5703711132062388994 3303898322906451710
6648850678520901645 6198679768542990306
1330848807749745353 -2104760308503750328
195611097075663944 6870077870361612183
8303737915816074702 1144478650937108741
8161872990162172617 5171040377825239345
-7943421917712589690 1408189838586729638
-8759707418100022183 8589586881021257574
-1886201949406899865 918789774586163763
1117741867710565254 -2949033062058218305
-4745880506664809005 1127416107165679858
6050577079492727390 2763197589131063491
1867604662594167931 2130025365684407470
-2240215596511511550 4733426038506725405
7021766827080374232 5492096741242838816
6565659196997006661 -4130635734029698640
8235872915250956066 4459217806764675825
332298478525284790 -7912174667996440118
5087511964167756721 -4762659834411615757
-8866489271950490326 -4349934646790579366
-590430077864908438 1118188835483267470
9063853759602372040 -4017557188798030709
4979466812644538688 -4205778045066548859
-3471560421153561623 6790039008419454921
2136232823363613406 -8173834495022022804
226370150213114929 8022675450333865158
700131601373558109 8949151728975498524
4431343937595715265 710374204022873188
7783583536619161211 678080514760543167
4413520105748856898 7875939075782969000
8583816468573724274 6070781918281706540
4926994922403092744 9016743240897853461
9148478560715261700 7056367652012858051
3276877713423397072 3941281149532028211
7372913635913655413 5838309237354864704
-1529859242161478768 -2771484192951911236
6466520862833175465 -7568566453673715707
1945090585832872241 8443009120137251179
6906393015370032392 573496853686237442
-4190827557408163271 4906315190678156601
-9009579734073796967 8421590010375428086
-4302161387647049431 4765933084838664651
-7499722607711060133 -7174858156906068968
1614810270885854594 8106127155515691747
1601992813363200602 -5782811139299547881
3314259130812157482 4407333809999565238
7393357363285732826 7851531626642177965
-3462179985192988452 1893958614512843436
5836718505637291663 2673411502520594519
2044580242782715909 7133475149934043748
7219452322809126001 2461100416752659674
8617892917451644574 -4649331453348565065
-6515307425924197916 -7092862881287197409
3587299528985851728 -2905982921677023855
5756618561471086866 -2681848591329116525
3887566014638408089 -2906733307762480998
8984838054079684270 -2621045839280551336
3372406503073747075 -8483068128089115828
-3649212432266074195 5773590427055009903
2787731562737156210 489182047239154815
6191529856669301007 5003386805180473811
5107504758318583142 7573959975982195068
-4218436127565883505 6157824947989783017
842284651368705603 5231678843040168368
430478485104309133 -1909178607328712221
